`gait` <-
structure(c(37, 36, 33, 29, 23, 18, 15, 12, 9, 6, 4, 6, 13, 22, 
31, 38, 43, 44, 40, 35, 47, 46, 42, 34, 27, 21, 16, 12, 4, -1, 
-2, 2, 12, 24, 34, 42, 47, 48, 45, 43, 46, 44, 39, 34, 33, 27, 
21, 15, 7, 1, -3, -1, 10, 22, 34, 43, 51, 53, 50, 49, 37, 36, 
27, 20, 15, 15, 10, 6, 3, 0, 3, 4, 10, 14, 23, 31, 33, 35, 34, 
32, 20, 18, 11, 8, 7, 5, 1, 0, -2, -4, -4, 1, 10, 18, 27, 36, 
34, 33, 32, 28, 57, 48, 44, 35, 31, 27, 21, 18, 14, 10, 8, 8, 
11, 21, 32, 40, 49, 55, 56, 55, 46, 38, 33, 25, 18, 15, 14, 10, 
8, 4, 0, 3, 9, 19, 31, 37, 46, 45, 46, 41, 46, 46, 43, 40, 36, 
30, 24, 17, 12, 7, 1, 3, 12, 24, 35, 44, 49, 49, 47, 43, 46, 
42, 37, 34, 31, 25, 19, 17, 13, 10, 5, 7, 13, 21, 29, 39, 47, 
51, 52, 47, 35, 34, 29, 28, 19, 15, 13, 6, 0, -1, 2, 11, 20, 
30, 39, 45, 48, 48, 43, 39, 38, 37, 33, 29, 26, 20, 14, 9, 3, 
-2, -1, 5, 15, 24, 36, 44, 47, 45, 42, 40, 35, 31, 29, 26, 22, 
19, 15, 11, 6, 3, 0, 4, 16, 27, 35, 41, 44, 45, 40, 39, 34, 31, 
27, 23, 19, 15, 13, 10, 6, 1, 0, 3, 8, 16, 27, 34, 40, 41, 39, 
36, 43, 41, 36, 31, 26, 20, 16, 13, 10, 8, 4, 12, 19, 27, 37, 
41, 44, 44, 41, 37, 43, 37, 35, 28, 26, 21, 20, 15, 13, 7, 3, 
8, 16, 25, 35, 43, 49, 50, 45, 46, 40, 41, 36, 32, 27, 20, 17, 
10, 5, -2, -4, -2, 7, 24, 38, 49, 57, 59, 54, 46, 51, 49, 45, 
39, 31, 23, 16, 9, 4, 0, -5, 1, 10, 21, 33, 44, 51, 55, 56, 51, 
52, 46, 41, 35, 31, 24, 18, 12, 6, 3, 2, 5, 12, 22, 32, 42, 46, 
48, 49, 46, 36, 33, 28, 22, 18, 13, 11, 7, 1, -2, -3, -3, 2, 
13, 22, 32, 39, 41, 38, 34, 35, 37, 33, 27, 22, 14, 9, 6, 4, 
-1, 1, 2, 11, 17, 34, 35, 40, 43, 43, 42, 46, 38, 30, 23, 17, 
13, 7, 3, 0, -3, -3, 1, 11, 20, 36, 48, 55, 57, 56, 50, 43, 41, 
37, 30, 24, 16, 12, 8, 5, 2, 1, 8, 16, 24, 33, 42, 48, 48, 48, 
46, 55, 51, 47, 41, 35, 30, 26, 23, 20, 11, 8, 10, 19, 35, 41, 
52, 57, 61, 63, 58, 39, 38, 31, 27, 21, 14, 9, 9, 6, 4, 2, 3, 
13, 30, 37, 47, 53, 53, 49, 44, 37, 34, 30, 27, 26, 19, 15, 10, 
4, 0, 0, 4, 12, 22, 31, 40, 43, 43, 38, 38, 36, 33, 28, 22, 18, 
13, 11, 7, 1, -2, -3, -3, 2, 13, 22, 32, 39, 41, 38, 34, 36, 
33, 30, 28, 21, 15, 8, 1, -5, -11, -12, -7, 4, 16, 26, 37, 44, 
47, 44, 37, 42, 40, 40, 34, 23, 15, 11, 7, 5, 6, 8, 12, 22, 33, 
43, 51, 57, 58, 54, 46, 38, 34, 30, 23, 17, 12, 8, 4, 1, 0, -4, 
-4, 1, 10, 22, 32, 38, 41, 41, 40, 46, 47, 44, 37, 29, 23, 19, 
14, 8, 3, -2, 1, 12, 26, 39, 48, 52, 48, 43, 42, 54, 48, 44, 
37, 30, 27, 21, 18, 15, 11, 12, 20, 30, 41, 50, 56, 61, 59, 57, 
58, 52, 44, 44, 33, 28, 27, 23, 24, 19, 15, 15, 16, 24, 32, 43, 
52, 58, 59, 57, 52, 32, 28, 26, 22, 19, 13, 8, 5, -1, -6, -5, 
0, 12, 22, 30, 36, 39, 36, 30, 29, 46, 41, 38, 31, 25, 20, 13, 
7, 1, -4, -3, -2, 8, 22, 34, 45, 53, 57, 55, 43, 46, 44, 40, 
35, 31, 25, 19, 15, 10, 5, 3, 6, 14, 27, 40, 48, 53, 53, 50, 
47, 48, 42, 42, 35, 30, 23, 19, 14, 9, 4, -1, 3, 9, 25, 37, 45, 
52, 53, 52, 46, 44, 41, 38, 32, 24, 18, 10, 6, 3, 0, -2, -1, 
6, 20, 36, 44, 49, 46, 38, 35, 55, 56, 51, 46, 41, 36, 30, 25, 
21, 15, 8, 5, 9, 19, 31, 43, 52, 56, 59, 59, 48, 50, 47, 42, 
37, 29, 22, 14, 8, 5, 8, 15, 24, 36, 51, 59, 63, 64, 61, 55, 
10, 15, 18, 18, 15, 14, 13, 13, 15, 21, 26, 39, 52, 64, 70, 66, 
57, 40, 22, 11, 16, 25, 28, 25, 18, 12, 10, 9, 7, 9, 17, 32, 
51, 67, 70, 66, 55, 39, 23, 16, 18, 27, 32, 32, 28, 23, 16, 11, 
8, 11, 18, 33, 56, 72, 79, 77, 67, 46, 22, 14, 5, 14, 16, 17, 
10, 8, 6, 5, 5, 9, 20, 40, 57, 66, 67, 61, 43, 18, 3, 0, 2, 6, 
6, 6, 5, 6, 6, 7, 8, 15, 24, 41, 59, 69, 71, 66, 44, 23, 5, 4, 
15, 17, 23, 23, 20, 19, 15, 13, 9, 10, 14, 25, 40, 58, 65, 66, 
61, 45, 21, 9, 13, 16, 22, 17, 12, 9, 8, 10, 14, 16, 22, 36, 
51, 64, 71, 68, 65, 40, 17, 3, 14, 17, 18, 19, 19, 15, 11, 8, 
7, 8, 12, 26, 47, 68, 79, 76, 61, 35, 13, 5, 15, 20, 23, 26, 
25, 21, 16, 13, 8, 8, 10, 22, 40, 56, 65, 67, 61, 47, 26, 10, 
9, 22, 25, 21, 10, 9, 9, 9, 11, 19, 33, 55, 69, 75, 77, 70, 55, 
36, 17, 16, 13, 24, 27, 23, 18, 13, 12, 15, 16, 19, 27, 43, 60, 
70, 75, 69, 50, 25, 13, 6, 7, 8, 11, 12, 8, 6, 4, 5, 5, 10, 19, 
36, 58, 70, 72, 66, 51, 30, 8, 5, 9, 14, 16, 15, 15, 12, 13, 
14, 14, 15, 20, 31, 45, 60, 71, 70, 62, 45, 26, 12, 15, 20, 22, 
22, 21, 19, 19, 19, 19, 20, 25, 41, 58, 70, 73, 68, 53, 32, 16, 
10, 6, 11, 20, 18, 13, 9, 9, 8, 11, 12, 20, 38, 56, 67, 71, 65, 
48, 25, 5, 8, 11, 19, 30, 28, 25, 17, 15, 10, 7, 7, 13, 25, 46, 
68, 79, 77, 67, 48, 23, 13, 24, 32, 35, 33, 29, 24, 18, 14, 12, 
14, 20, 36, 55, 69, 75, 72, 60, 43, 26, 16, 16, 20, 21, 20, 18, 
14, 13, 11, 9, 11, 19, 34, 53, 66, 73, 72, 61, 43, 22, 11, 16, 
20, 22, 21, 20, 20, 20, 19, 16, 16, 21, 31, 49, 69, 74, 71, 60, 
41, 23, 15, 7, 13, 14, 17, 14, 8, 7, 7, 7, 8, 17, 30, 49, 60, 
71, 65, 58, 39, 20, 10, 21, 24, 25, 21, 16, 9, 4, 4, 5, 9, 19, 
36, 56, 70, 80, 80, 68, 48, 27, 16, 11, 14, 14, 11, 8, 5, 6, 
7, 8, 10, 18, 36, 53, 65, 72, 73, 64, 46, 28, 13, 12, 17, 20, 
20, 18, 12, 11, 9, 11, 10, 16, 30, 49, 68, 69, 69, 63, 44, 28, 
8, 8, 12, 14, 13, 12, 9, 7, 10, 9, 13, 21, 39, 59, 76, 76, 71, 
55, 26, 8, 12, 11, 20, 22, 21, 21, 17, 16, 17, 15, 19, 28, 42, 
59, 70, 73, 66, 49, 24, 6, 9, 16, 20, 22, 21, 20, 20, 20, 19, 
16, 16, 21, 31, 49, 69, 74, 71, 60, 41, 23, 15, 19, 26, 28, 28, 
24, 18, 12, 8, 7, 8, 16, 33, 52, 68, 78, 80, 74, 57, 35, 18, 
13, 23, 30, 28, 19, 10, 6, 5, 10, 19, 33, 50, 68, 79, 81, 75, 
61, 42, 25, 16, 11, 15, 19, 20, 18, 17, 15, 11, 9, 9, 12, 23, 
40, 58, 71, 70, 56, 36, 19, 11, 17, 25, 30, 30, 27, 22, 17, 11, 
7, 7, 13, 31, 52, 69, 75, 68, 46, 21, 6, 8, 20, 20, 22, 16, 10, 
10, 10, 12, 13, 17, 28, 47, 64, 72, 72, 63, 47, 23, 9, 19, 18, 
18, 25, 23, 18, 19, 21, 25, 24, 25, 27, 39, 59, 72, 77, 69, 60, 
38, 17, 14, 9, 12, 16, 15, 14, 11, 8, 6, 5, 9, 18, 39, 56, 68, 
71, 67, 54, 30, 9, 6, 8, 10, 17, 16, 12, 10, 8, 4, 2, 4, 12, 
27, 48, 66, 76, 77, 71, 54, 26, 3, 9, 18, 19, 19, 19, 15, 12, 
11, 10, 12, 20, 36, 56, 72, 80, 75, 59, 34, 10, 9, 13, 18, 27, 
26, 25, 18, 12, 10, 9, 13, 16, 33, 53, 73, 77, 75, 64, 44, 23, 
16, 19, 23, 26, 25, 21, 18, 14, 13, 14, 17, 24, 37, 56, 73, 82, 
76, 59, 31, 7, 7, 16, 23, 28, 28, 25, 21, 19, 17, 16, 13, 13, 
19, 37, 57, 69, 71, 62, 45, 28, 20, 14, 25, 32, 34, 30, 20, 12, 
7, 6, 11, 24, 45, 67, 79, 82, 76, 65, 46, 25, 15), .Dim = as.integer(c(20, 
39, 2)), .Dimnames = list(c("0.025", "0.075", "0.125", "0.175", 
"0.225", "0.275", "0.325", "0.375", "0.425", "0.475", "0.525", 
"0.575", "0.625", "0.675", "0.725", "0.775", "0.825", "0.875", 
"0.925", "0.975"), c("boy1", "boy2", "boy3", "boy4", "boy5", 
"boy6", "boy7", "boy8", "boy9", "boy10", "boy11", "boy12", "boy13", 
"boy14", "boy15", "boy16", "boy17", "boy18", "boy19", "boy20", 
"boy21", "boy22", "boy23", "boy24", "boy25", "boy26", "boy27", 
"boy28", "boy29", "boy30", "boy31", "boy32", "boy33", "boy34", 
"boy35", "boy36", "boy37", "boy38", "boy39"), c("Hip Angle", 
"Knee Angle")))
