`refinery` <-
structure(list(Time = c(0, 1, 2, 3, 4, 5, 6, 7, 8, 9, 10, 11, 
12, 13, 14, 15, 16, 17, 18, 19, 20, 21, 22, 23, 24, 25, 26, 27, 
28, 29, 30, 31, 32, 33, 34, 35, 36, 37, 38, 39, 40, 41, 42, 43, 
44, 45, 46, 47, 48, 49, 50, 51, 52, 53, 54, 55, 56, 57, 58, 59, 
60, 61, 62, 63, 64, 65, 66, 67, 68, 69, 70, 71, 72, 73, 74, 75, 
76, 77, 78, 79, 80, 81, 82, 83, 84, 85, 86, 87, 88, 89, 90, 91, 
92, 93, 94, 95, 96, 97, 98, 99, 100, 101, 102, 103, 104, 105, 
106, 107, 108, 109, 110, 111, 112, 113, 114, 115, 116, 117, 118, 
119, 120, 121, 122, 123, 124, 125, 126, 127, 128, 129, 130, 131, 
132, 133, 134, 135, 136, 137, 138, 139, 140, 141, 142, 143, 144, 
145, 146, 147, 148, 149, 150, 151, 152, 153, 154, 155, 156, 157, 
158, 159, 160, 161, 162, 163, 164, 165, 166, 167, 168, 169, 170, 
171, 172, 173, 174, 175, 176, 177, 178, 179, 180, 181, 182, 183, 
184, 185, 186, 187, 188, 189, 190, 191, 192, 193), Reflux = c(-0.0132999999999974, 
-0.0202999999999989, -0.00829999999999842, 0.0167000000000002, 
0.0227000000000004, 0.00570000000000093, -0.0213000000000001, 
0.0147000000000013, -0.0243000000000002, 0.0117000000000012, 
0.0167000000000002, 0.0197000000000003, -0.0132999999999974, 
-0.0402999999999984, 0.0287000000000006, 0.00169999999999959, 
0.00670000000000215, 0.0046999999999997, -0.0322999999999993, 
-0.0192999999999977, 0.00570000000000093, -0.0333000000000006, 
-0.0122999999999998, 0.00670000000000215, 0.0287000000000006, 
0.00570000000000093, -0.00229999999999819, 0.00270000000000081, 
0.00970000000000226, 0.00370000000000203, 0.0417000000000023, 
-0.0162999999999975, -0.0432999999999986, -0.0112999999999985, 
0.0147000000000013, -0.00629999999999953, -0.028299999999998, 
0.0137000000000000, -0.0162999999999975, -0.0322999999999993, 
0.00769999999999982, 0.0246999999999993, 0.0147000000000013, 
-0.0183, 0.0767000000000024, -0.00130000000000052, 0.00169999999999959, 
0.00870000000000104, -0.00829999999999842, -0.0103000000000009, 
-0.0152999999999999, 0.0246999999999993, 0.00270000000000081, 
-0.0152999999999999, 0.00870000000000104, -0.00430000000000064, 
-0.0252999999999979, -0.00329999999999941, 0.0366999999999997, 
0.00670000000000215, 0.0106999999999999, -0.0112999999999985, 
0.0167000000000002, -0.0152999999999999, -0.0333000000000006, 
-0.0342999999999982, 0.00870000000000104, 0.00970000000000226, 
-0.424299999999999, -0.409299999999998, -0.475300000000001, -0.531299999999998, 
-0.5243, -0.5303, -0.542299999999997, -0.487299999999998, -0.487299999999998, 
-0.465299999999999, -0.504300000000001, -0.504300000000001, -0.523299999999999, 
-0.501300000000001, -0.493299999999998, -0.493299999999998, -0.497299999999999, 
-0.510300000000001, -0.479299999999999, -0.533300000000001, -0.473299999999998, 
-0.501300000000001, -0.529299999999999, -0.546299999999999, -0.503299999999999, 
-0.4513, -0.496299999999998, -0.5123, -0.494299999999999, -0.470299999999998, 
-0.4923, -0.528299999999998, -0.476299999999998, -0.543299999999999, 
-0.496299999999998, -0.4863, -0.490299999999998, -0.508299999999998, 
-0.485299999999999, -0.543299999999999, -0.534299999999998, -0.4803, 
-0.4803, -0.5093, -0.502299999999998, -0.476299999999998, -0.497299999999999, 
-0.516299999999998, -0.507300000000001, -0.490299999999998, -0.474299999999999, 
-0.496299999999998, -0.4773, -0.505299999999998, -0.5503, -0.510300000000001, 
-0.497299999999999, -0.4573, -0.4863, -0.4983, -0.5213, -0.482299999999999, 
-0.5093, -0.5473, -0.528299999999998, -0.522299999999998, -0.513299999999997, 
-0.467299999999998, -0.484299999999998, -0.520299999999999, -0.536300000000001, 
-0.537299999999998, -0.517299999999999, -0.468299999999999, -0.493299999999998, 
-0.503299999999999, -0.474299999999999, -0.481299999999997, -0.471299999999999, 
-0.464299999999998, -0.484299999999998, -0.4663, -0.5123, -0.506300000000000, 
-0.504300000000001, -0.5123, -0.520299999999999, -0.517299999999999, 
-0.479299999999999, -0.548299999999998, -0.496299999999998, -0.505299999999998, 
-0.525299999999998, -0.481299999999997, -0.488299999999999, -0.507300000000001, 
-0.491299999999999, -0.4773, -0.488299999999999, -0.523299999999999, 
-0.4893, -0.4803, -0.478300000000001, -0.529299999999999, -0.4983, 
-0.499299999999998, -0.510300000000001, -0.4773, -0.513299999999997, 
-0.499299999999998, -0.484299999999998, -0.504300000000001, -0.496299999999998, 
-0.4953, -0.513299999999997, -0.485299999999999, -0.491299999999999, 
-0.5153, -0.511299999999999, -0.536300000000001, -0.5153, -0.511299999999999, 
-0.520299999999999, -0.500299999999999, -0.508299999999998, -0.5123
),